es: 1.0522, 0.06785605679999719, 0.004604444444444446.
fi: 1.00553, 0.07266005738639311, 0.005279483939393941.
fr: 1.06645, 0.08480439465932972, 0.007191785353535351.
lv: 1.04687, 0.0608670773991253, 0.00370480111111111.
pl: 1.0537400000000001, 0.06697181979358667, 0.004485224646464648.
