es: 0.9956100000000001, 0.06533331709956508, 0.004268442323232324.
fi: 0.9940599999999999, 0.06295193292176071, 0.00396294585858586.
fr: 1.0068300000000001, 0.07180712873645442, 0.005156263737373738.
lv: 0.9860799999999998, 0.06997614023379829, 0.004896660202020203.
pl: 0.99094, 0.062411119832830105, 0.003895147878787879.
